Weights Input-Hidden1:
[[ 0.26345024  0.41458773 -0.04745205  0.12399768  0.22294851 -0.25983674
  -0.46073536 -0.49436575 -0.47435962  0.59742816]
 [-0.00435369  0.34269031 -0.10640109  0.24845958  0.02684341 -0.11960245
  -0.49726679 -0.45935253 -0.7157498   0.60611968]
 [ 0.26925273  0.40188612 -0.05080656  0.12146136  0.22781345 -0.25171968
  -0.46322998 -0.48590688 -0.48390828  0.59725172]
 [-0.00353793  0.34043028 -0.10697489  0.25069895  0.02738222 -0.12305273
  -0.45217446 -0.46474229 -0.70962992  0.5824342 ]
 [ 0.64557586  0.49125859 -0.46817104 -0.67365228 -0.78921811 -0.37202556
  -0.60133856 -0.52108236 -0.55977442 -1.37992136]
 [ 0.98109528  0.67463033 -0.75256866 -1.09354479 -1.18363686 -0.50790192
  -0.88764647 -0.76828815 -0.58472023 -2.27796603]
 [ 0.85355423  0.60648237 -0.65833309 -0.97709678 -1.04297639 -0.44444252
  -0.79013585 -0.67301093 -0.51557123 -2.04307462]]

Weights Hidden1-Hidden2:
[[ 0.33006997 -0.10562843 -0.21712286 -0.20215136 -0.2243707 ]
 [ 0.31739753  0.11476835 -0.12768177 -0.12583812  0.27298998]
 [-0.22079485  0.17401276  0.12597305  0.10801933  0.11168624]
 [-0.19603512  0.06830796  0.17643668  0.15223814  0.41042459]
 [-0.22546541  0.34674403  0.14249853  0.19683807  0.31753632]
 [-0.24747583 -0.00354204  0.06143303  0.04825868 -0.21042169]
 [-0.38928853 -0.13983372  0.18861926  0.21521472 -0.17571862]
 [-0.36653038 -0.03766487  0.21704862  0.22744272 -0.17589157]
 [-0.36612838  0.20872375  0.30415301  0.25530584 -0.55174179]
 [-0.21282082  0.3665546   0.08470717  0.20933743  0.92816156]]

Weights Hidden2-Output:
[[ 0.52951018  0.47859132  0.45651321]
 [-0.57142241 -0.47895084 -0.44690792]
 [-0.36499971 -0.40748917 -0.3892092 ]
 [-0.4636916  -0.44652205 -0.42228132]
 [-0.61421592 -0.70021171 -0.67693553]]
